anno,15min,30min,45min
1956,nan,nan,16.2
1957,10.0,16.0,nan
1959,8.0,nan,nan
1960,14.5,nan,nan
1967,8.0,9.0,nan
1968,17.4,nan,nan
1972,10.2,12.8,15.4
1973,10.4,12.4,13.0
1976,nan,14.0,nan
1977,9.2,13.4,14.2
1978,14.0,19.0,20.0
1979,17.2,21.8,24.4
1980,11.4,12.0,12.6
1981,8.6,11.4,13.4
1982,13.8,24.8,27.2
1983,12.4,14.6,15.8
1984,11.2,16.2,16.6
1985,7.6,15.2,18.8
1986,8.2,14.2,21.2
1987,25.0,30.0,30.0
1988,12.0,19.0,21.2
1990,11.0,14.0,16.6
1991,12.2,16.8,18.6
1995,13,17.2,17.4
1996,10.2,15.8,19.8
1999,14.6,25,35.4
2000,11.6,14.2,16
2001,18.6,23.8,25
2002,9.2,11.4,13
			
			
			
			
